7
8
9
10
11
12
21
22
23
24
25
27
30
33
34
35
37
40
41
45
47
50
52
53
57
58
60
63
64
70
71
72
78
79
81
82
83
85
86
88
90
94
95
97
99
105
108
113
114
115
117
118
120
123
124
125
126
129
131
132
133
134
135
145
148
149
150
154
156
161
162
164
166
169
170
171
175
183
184
186
187
188
190
191
194
201
202
206
207
208
209
210
211
216
218
219
220
223
224
227
232
233
234
235
236
237
244
246
248
250
252
253
256
259
262
266
267
268
269
272
273
278
279
283
284
287
289
292
294
301
302
303
304
305
309
310
311
312
313
316
322
323
324
325
328
334
335
336
339
340
341
342
344
347
349
352
353
354
359
361
362
364
367
368
371
374
375
378
381
382
386
388
391
394
395
396
399
400
401
402
406
407
412
415
417
420
422
426
427
431
432
433
435
438
441
443
446
447
449
451
452
453
459
462
463
466
467
468
469
477
480
481
482
483
485
487
488
490
491
501
502
503
504
505
506
513
514
515
516
517
518
525
527
528
529
530
532
535
537
539
542
543
545
548
549
550
554
562
563
564
565
566
